{
 "cells": [
  {
   "cell_type": "markdown",
   "metadata": {
    "collapsed": true,
    "pycharm": {
     "name": "#%% md\n"
    }
   },
   "source": [
    "#### Метод Ритца в задаче Штурма-Лиувилля.\n",
    "\n",
    "$(\\frac{1}{2 + \\frac{x}{3}}u')' + (\\exp(\\frac{x}{5}))u = \\lambda u$\n",
    "\n",
    "$u'(-1) - 0.6 u(-1) = u'(1) + 0.65u(1) = 0$\n",
    "\n",
    "На обоих концах промежутка 3 тип задачи."
   ]
  },
  {
   "cell_type": "code",
   "execution_count": 109,
   "outputs": [],
   "source": [
    "import numpy as np\n",
    "from scipy.special import jacobi\n",
    "from scipy.integrate import quadrature\n",
    "import copy\n",
    "\n",
    "import pandas as pd\n",
    "\n",
    "a, b = -1, 1\n",
    "n = 7\n",
    "a1, a2, b1, b2 = -0.6, -1, 0.65, 1\n",
    "\n",
    "\n",
    "def p(x):\n",
    "    return 1 / (2 + x / 3)\n",
    "\n",
    "\n",
    "def q(x):\n",
    "    return np.exp(x / 5)\n",
    "\n",
    "\n",
    "def scalar(y, z):\n",
    "    return quadrature(lambda x: y(x) * z(x), a, b)[0]\n",
    "\n",
    "\n",
    "def d(f):\n",
    "    eps = 1e-10\n",
    "    return lambda x: (f(x + eps) - f(x - eps)) / (2 * eps)\n",
    "\n",
    "\n",
    "def d2(f):\n",
    "    eps = 1e-5\n",
    "    return lambda x: (f(x + eps) - f(x - eps)) / (2 * eps)\n",
    "\n",
    "\n",
    "def integrate(y, z):\n",
    "    def fun(x):\n",
    "        return p(x) * d(y)(x) * d(z)(x) + q(x) * y(x) * z(x)\n",
    "\n",
    "    tmp1 = a1 / a2 * p(a) * y(a) * z(a)\n",
    "    tmp2 = b1 / b2 * p(b) * y(b) * z(b)\n",
    "\n",
    "    return quadrature(fun, a, b)[0] + tmp1 + tmp2"
   ],
   "metadata": {
    "collapsed": false,
    "pycharm": {
     "name": "#%%\n"
    }
   }
  },
  {
   "cell_type": "markdown",
   "source": [
    "Метод Ритца"
   ],
   "metadata": {
    "collapsed": false,
    "pycharm": {
     "name": "#%% md\n"
    }
   }
  },
  {
   "cell_type": "code",
   "execution_count": 110,
   "outputs": [
    {
     "name": "stderr",
     "output_type": "stream",
     "text": [
      "/usr/local/lib/python3.6/dist-packages/scipy/integrate/quadrature.py:251: AccuracyWarning: maxiter (50) exceeded. Latest difference = 3.820935e-08\n",
      "  AccuracyWarning)\n",
      "/usr/local/lib/python3.6/dist-packages/scipy/integrate/quadrature.py:251: AccuracyWarning: maxiter (50) exceeded. Latest difference = 7.626377e-08\n",
      "  AccuracyWarning)\n",
      "/usr/local/lib/python3.6/dist-packages/scipy/integrate/quadrature.py:251: AccuracyWarning: maxiter (50) exceeded. Latest difference = 8.129043e-07\n",
      "  AccuracyWarning)\n",
      "/usr/local/lib/python3.6/dist-packages/scipy/integrate/quadrature.py:251: AccuracyWarning: maxiter (50) exceeded. Latest difference = 1.591099e-06\n",
      "  AccuracyWarning)\n",
      "/usr/local/lib/python3.6/dist-packages/scipy/integrate/quadrature.py:251: AccuracyWarning: maxiter (50) exceeded. Latest difference = 7.384242e-06\n",
      "  AccuracyWarning)\n",
      "/usr/local/lib/python3.6/dist-packages/scipy/integrate/quadrature.py:251: AccuracyWarning: maxiter (50) exceeded. Latest difference = 7.757886e-06\n",
      "  AccuracyWarning)\n",
      "/usr/local/lib/python3.6/dist-packages/scipy/integrate/quadrature.py:251: AccuracyWarning: maxiter (50) exceeded. Latest difference = 9.799752e-06\n",
      "  AccuracyWarning)\n",
      "/usr/local/lib/python3.6/dist-packages/scipy/integrate/quadrature.py:251: AccuracyWarning: maxiter (50) exceeded. Latest difference = 9.244460e-06\n",
      "  AccuracyWarning)\n"
     ]
    },
    {
     "name": "stdout",
     "output_type": "stream",
     "text": [
      "Матрица G_l и собственные значения, полученные методом Ритца  [  1.26481057   2.81114489   6.56442286  13.1193276   23.21779468\n",
      "  96.33802148 180.17773695]\n"
     ]
    },
    {
     "data": {
      "text/plain": "          0         1          2          3          4          5           6\n0  1.325966  0.045413   0.719924  -0.107518   0.957862  -0.135034    1.151201\n1  0.045413  3.484011  -0.382052   3.824738  -0.656721   4.788504   -0.789546\n2  0.719924 -0.382052  10.234469  -1.650361  12.495725  -2.208693   15.013075\n3 -0.107518  3.824738  -1.650361  24.671556  -4.285512  29.881981   -5.294012\n4  0.957862 -0.656721  12.495725  -4.285512  49.879847  -8.803250   59.084298\n5 -0.135034  4.788504  -2.208693  29.881981  -8.803250  88.944916  -15.718252\n6  1.151201 -0.789546  15.013075  -5.294012  59.084298 -15.718252  144.952493",
      "text/html": "<div>\n<style scoped>\n    .dataframe tbody tr th:only-of-type {\n        vertical-align: middle;\n    }\n\n    .dataframe tbody tr th {\n        vertical-align: top;\n    }\n\n    .dataframe thead th {\n        text-align: right;\n    }\n</style>\n<table border=\"1\" class=\"dataframe\">\n  <thead>\n    <tr style=\"text-align: right;\">\n      <th></th>\n      <th>0</th>\n      <th>1</th>\n      <th>2</th>\n      <th>3</th>\n      <th>4</th>\n      <th>5</th>\n      <th>6</th>\n    </tr>\n  </thead>\n  <tbody>\n    <tr>\n      <th>0</th>\n      <td>1.325966</td>\n      <td>0.045413</td>\n      <td>0.719924</td>\n      <td>-0.107518</td>\n      <td>0.957862</td>\n      <td>-0.135034</td>\n      <td>1.151201</td>\n    </tr>\n    <tr>\n      <th>1</th>\n      <td>0.045413</td>\n      <td>3.484011</td>\n      <td>-0.382052</td>\n      <td>3.824738</td>\n      <td>-0.656721</td>\n      <td>4.788504</td>\n      <td>-0.789546</td>\n    </tr>\n    <tr>\n      <th>2</th>\n      <td>0.719924</td>\n      <td>-0.382052</td>\n      <td>10.234469</td>\n      <td>-1.650361</td>\n      <td>12.495725</td>\n      <td>-2.208693</td>\n      <td>15.013075</td>\n    </tr>\n    <tr>\n      <th>3</th>\n      <td>-0.107518</td>\n      <td>3.824738</td>\n      <td>-1.650361</td>\n      <td>24.671556</td>\n      <td>-4.285512</td>\n      <td>29.881981</td>\n      <td>-5.294012</td>\n    </tr>\n    <tr>\n      <th>4</th>\n      <td>0.957862</td>\n      <td>-0.656721</td>\n      <td>12.495725</td>\n      <td>-4.285512</td>\n      <td>49.879847</td>\n      <td>-8.803250</td>\n      <td>59.084298</td>\n    </tr>\n    <tr>\n      <th>5</th>\n      <td>-0.135034</td>\n      <td>4.788504</td>\n      <td>-2.208693</td>\n      <td>29.881981</td>\n      <td>-8.803250</td>\n      <td>88.944916</td>\n      <td>-15.718252</td>\n    </tr>\n    <tr>\n      <th>6</th>\n      <td>1.151201</td>\n      <td>-0.789546</td>\n      <td>15.013075</td>\n      <td>-5.294012</td>\n      <td>59.084298</td>\n      <td>-15.718252</td>\n      <td>144.952493</td>\n    </tr>\n  </tbody>\n</table>\n</div>"
     },
     "execution_count": 110,
     "metadata": {},
     "output_type": "execute_result"
    }
   ],
   "source": [
    "def w(x, k):\n",
    "    tmp = np.sqrt((2 * k - 1) / 2)\n",
    "    return tmp * jacobi(n=k - 1, alpha=0, beta=0)(x)\n",
    "\n",
    "\n",
    "def w_k(k):\n",
    "    return lambda x: w(x, k)\n",
    "\n",
    "G = np.zeros((n, n))\n",
    "G_L = np.zeros((n, n))\n",
    "for i in range(n):\n",
    "    for j in range(n):\n",
    "        G[i, j] = scalar(w_k(i + 1), w_k(j + 1))\n",
    "        G_L[i, j] = integrate(w_k(i + 1), w_k(j + 1))\n",
    "\n",
    "lambdas = np.linalg.eig(G_L)[0]\n",
    "lambdas.sort()\n",
    "\n",
    "print(\"Матрица G_l и собственные значения, полученные методом Ритца \", lambdas)\n",
    "table = pd.DataFrame(G_L)\n",
    "table"
   ],
   "metadata": {
    "collapsed": false,
    "pycharm": {
     "name": "#%%\n"
    }
   }
  },
  {
   "cell_type": "markdown",
   "source": [
    "Оценка собственных значений"
   ],
   "metadata": {
    "collapsed": false,
    "pycharm": {
     "name": "#%% md\n"
    }
   }
  },
  {
   "cell_type": "code",
   "execution_count": 111,
   "outputs": [
    {
     "name": "stdout",
     "output_type": "stream",
     "text": [
      "Нижняя оценка на lambda1:  1.0668837228334103\n",
      "Верхняя оценка на lambda1:  1.5688169158177698\n",
      "Нижняя оценка на lambda2:  2.415238390548706\n",
      "Верхняя оценка на lambda2:  3.456513450619184\n",
      "Приближенное начение первого собственного числа:  1.2739823470264757\n",
      "Приближенное значение второго собственного числа 2.80639980229313\n"
     ]
    }
   ],
   "source": [
    "x = np.linspace(-1, 1, 1000)\n",
    "p_max = max(map(p, x))\n",
    "p_min = min(map(p, x))\n",
    "q_max = max(map(q, x))\n",
    "q_min = min(map(q, x))\n",
    "\n",
    "nu1 = 0.760936\n",
    "nu2 = 1.9300737\n",
    "\n",
    "print(\"Нижняя оценка на lambda1: \", nu1**2 * p_min + q_min)\n",
    "print(\"Верхняя оценка на lambda1: \", nu1**2 * p_max + q_max)\n",
    "print(\"Нижняя оценка на lambda2: \", nu2**2 * p_min + q_min)\n",
    "print(\"Верхняя оценка на lambda2: \", nu2**2 * p_max + q_max)\n",
    "\n",
    "def y(nu):\n",
    "  C = (b2 * nu * np.sin(nu) - b1 * np.cos(nu)) / (b1 * np.sin(nu) + b2 * nu * np.cos(nu))\n",
    "  f = lambda x: np.cos(nu*x) + C * np.sin(nu*x)\n",
    "  return lambda x: f(x) / np.sqrt(scalar(f, f))\n",
    "\n",
    "\n",
    "norm_eig_f_1 = y(nu1)\n",
    "norm_eig_f_2 = y(nu2)\n",
    "\n",
    "print(\"Приближенное начение первого собственного числа: \", integrate(norm_eig_f_1, norm_eig_f_1))\n",
    "\n",
    "print(\"Приближенное значение второго собственного числа\", integrate(norm_eig_f_2, norm_eig_f_2))"
   ],
   "metadata": {
    "collapsed": false,
    "pycharm": {
     "name": "#%%\n"
    }
   }
  },
  {
   "cell_type": "code",
   "execution_count": 112,
   "outputs": [
    {
     "name": "stdout",
     "output_type": "stream",
     "text": [
      "Минимальное собственное число встроенным методом 1.2648105699765704\n"
     ]
    }
   ],
   "source": [
    "A = np.dot(np.linalg.inv(G_L), G)\n",
    "\n",
    "w, v = np.linalg.eig(A)  # собственные числа и векторы матрицы H\n",
    "l_max = 0\n",
    "for x in w:\n",
    "    if abs(x) > abs(l_max):\n",
    "        l_max = x\n",
    "print(\"Минимальное собственное число встроенным методом\", 1 / l_max)"
   ],
   "metadata": {
    "collapsed": false,
    "pycharm": {
     "name": "#%%\n"
    }
   }
  },
  {
   "cell_type": "code",
   "execution_count": 113,
   "outputs": [
    {
     "name": "stdout",
     "output_type": "stream",
     "text": [
      "Минимальное собственное число методом обратных итераций 1.2648843942764105\n",
      "Абсолютная погрешность 4.614482634879291e-05\n",
      "Количество итераций: 4\n"
     ]
    }
   ],
   "source": [
    "\n",
    "v = [1, 0, 0, 0, 0, 0, 0]\n",
    "q = [v]\n",
    "lambdas = [v]\n",
    "\n",
    "i = 1\n",
    "eps = 10 ** (-3)\n",
    "lam_1, lam_2 = 1, 0\n",
    "\n",
    "while np.abs(lam_1 - lam_2) > eps and i!=15:\n",
    "    q.append(np.dot(A, q[i - 1]))\n",
    "    lam_2 = copy.deepcopy(lam_1)\n",
    "    lam_1 = np.dot(q[i], q[i-1])/np.dot(q[i-1], q[i-1])\n",
    "    i += 1\n",
    "\n",
    "w_max = lam_1\n",
    "print(\"Минимальное собственное число методом обратных итераций\", 1 / w_max)\n",
    "print(\"Абсолютная погрешность\", abs(w_max - l_max))\n",
    "print(\"Количество итераций:\", i)\n"
   ],
   "metadata": {
    "collapsed": false,
    "pycharm": {
     "name": "#%%\n"
    }
   }
  }
 ],
 "metadata": {
  "kernelspec": {
   "display_name": "Python 3",
   "language": "python",
   "name": "python3"
  },
  "language_info": {
   "codemirror_mode": {
    "name": "ipython",
    "version": 2
   },
   "file_extension": ".py",
   "mimetype": "text/x-python",
   "name": "python",
   "nbconvert_exporter": "python",
   "pygments_lexer": "ipython2",
   "version": "2.7.6"
  }
 },
 "nbformat": 4,
 "nbformat_minor": 0
}